Date;mean_NTU_h;sd_NTU_h
1;2023-12-31;84.2571957612323;121.952024935165
2;2024-01-01;88.3281161883256;104.809868721652
3;2024-01-02;96.4348391366981;92.0632119534155
4;2024-01-03;104.907652194054;108.970972959199
5;2024-01-04;115.543910598798;128.814208558981
6;2024-01-05;89.2885664905537;95.7157807149081
7;2024-01-06;103.711162443872;106.552702506457
8;2024-01-07;93.1016610364046;88.6135208094492
9;2024-01-08;77.90339878359;68.5372011108598
10;2024-01-09;75.7895673956743;72.5471622776994
11;2024-01-10;74.9567403942404;66.2799812594981
12;2024-01-11;69.8605356417541;54.2214533879358
13;2024-01-12;59.3624301181319;44.9837496139369
14;2024-01-13;55.8348863924805;48.5696798315723
15;2024-01-14;59.7950833325;54.277564518263
16;2024-01-15;54.461036045045;57.1205948747709
17;2024-01-16;39.5496064965278;34.2623396184181
18;2024-01-17;52.6451881310356;41.8421747196493
19;2024-01-18;56.3226128706597;44.7584554343313
20;2024-01-19;73.6033415519802;60.6220155683734
21;2024-01-20;90.2242521367521;70.716562947202
22;2024-01-21;80.5126543267747;60.303728089459
23;2024-01-22;40.3054012407407;32.5813979070387
24;2024-01-23;49.6114942859195;40.3993076465831
25;2024-01-24;51.3994232093664;46.7154627841602
26;2024-01-25;64.7412415034014;49.4688330232135
27;2024-01-26;56.3785984270833;47.8629672021377
28;2024-01-27;40.1061872123288;19.5222471452191
29;2024-01-28;45.0843036523973;17.6345082652839
30;2024-01-29;48.9375;18.4718068599094
31;2024-01-30;75.6802976202381;59.2465714905887
32;2024-01-31;86.9841686091686;84.2011183730955
33;2024-02-01;62.5551948051948;52.9198163698438
34;2024-02-02;69.947072072072;63.287512450541
35;2024-02-03;76.9883578431373;53.6570592614008
36;2024-02-04;103.491071428571;64.8520259696374
37;2024-02-05;79.1777777777778;55.5683895722061
38;2024-02-06;53.3541666666667;30.0152710542433
39;2024-02-07;44.1761714100213;25.2135170312693
40;2024-02-08;36.2694013112491;17.2571550931212
41;2024-02-09;31.124213836478;14.6666427432926
42;2024-02-10;28.5609567901235;12.6557040263555
43;2024-02-11;46.5560770487421;74.3424059610879
44;2024-02-12;33.2406135531136;13.3014090450942
45;2024-02-13;32.4983333333333;13.5293336303281
46;2024-02-14;47.6762145276575;33.131237667734
47;2024-02-15;63.6986111094771;28.4967821223828
48;2024-02-16;50.2356060606061;25.7287373985555
49;2024-02-17;59.6899691358025;36.9925145545732
50;2024-02-18;54.5425;36.465807776094
51;2024-02-19;46.3156060621212;32.6840711419995
52;2024-02-20;56.1455303015152;34.5085011985412
53;2024-02-21;88.9822781385281;63.9556329669391
54;2024-02-22;77.0061011875;49.3157972127641
55;2024-02-23;69.9320987654321;34.2293290392382
56;2024-02-24;39.3669590643275;19.098912073029
57;2024-02-25;55.7156779632768;46.3616282067606
58;2024-02-26;73.8921130952381;60.6277054883069
59;2024-02-27;43.1054166666667;30.7420718058925
60;2024-02-28;89.7245738653725;57.2720893661119
61;2024-02-29;96.1948529411764;119.029822499824
62;2024-03-01;79.7588675213675;114.475318749087
63;2024-03-02;71.0831827038153;77.4330083394223
64;2024-03-03;82.3190025328283;46.8521357917226
65;2024-03-04;65.9689394404762;41.8301397553341
66;2024-03-05;67.4731012447257;51.3766203609919
67;2024-03-06;58.3425776723245;37.9489998076711
68;2024-03-07;56.781909293249;48.4285905674773
69;2024-03-08;60.1157268084192;46.9249332047434
70;2024-03-09;84.4694445;70.8490917056805
71;2024-03-10;82.6566323314433;76.9471936311342
72;2024-03-11;78.4137461567278;97.0294092083858
73;2024-03-12;58.0505072420945;79.5029448499317
74;2024-03-13;40.7294725199362;49.4969958749644
75;2024-03-14;36.2102559114173;36.3069896385803
76;2024-03-15;54.6979887055138;48.6299649104114
77;2024-03-16;48.0713573491162;56.4270053341539
78;2024-03-17;52.5088495728654;57.7411997311306
79;2024-03-18;54.8014679391026;57.812870118961
80;2024-03-19;45.7189129437883;60.4744825437632
81;2024-03-20;42.6137379719873;56.6569982076364
82;2024-03-21;38.0489131950231;61.724536771897
83;2024-03-22;34.5927523421362;47.7318885466036
84;2024-03-23;33.6651241422903;47.3803716255797
85;2024-03-24;40.1625388922222;60.0398119294644
86;2024-03-25;32.0310218034733;34.0372131928943
87;2024-03-26;33.5117505244161;26.4174873929108
88;2024-03-27;39.2000708832335;37.4824630767763
89;2024-03-28;43.1621047695238;49.5907416253577
90;2024-03-29;47.405241576276;45.1195641826001
91;2024-03-30;56.2709049178374;31.6812901824333
92;2024-03-31;62.3662999791429;26.3910824054882
93;2024-04-01;57.2353367580989;30.6404272344688
94;2024-04-02;49.5997534506903;36.9495596418853
95;2024-04-03;45.7607879954639;24.1964434364311
96;2024-04-04;60.0745126537524;26.4122078745527
97;2024-04-05;54.4098353283433;32.8902994506817
98;2024-04-06;43.1518098952096;27.6406392629804
99;2024-04-07;43.2470001897866;25.9313165310476
100;2024-04-08;38.6991173873274;22.8599794281645
101;2024-04-09;42.1382676623737;39.5916886073614
102;2024-04-10;35.8181350223262;27.3849450410748
103;2024-04-11;40.2522794039216;25.1250314761874
104;2024-04-12;42.0028921544118;47.4497985041458
105;2024-04-13;51.2615388833333;74.0656418365514
106;2024-04-14;58.827865225823;72.3414234970156
107;2024-04-15;53.5450095933908;67.7894432841288
108;2024-04-16;44.7166600811966;59.308662400724
109;2024-04-17;43.2741955679191;37.6043331827448
110;2024-04-18;44.4136274276961;34.1156347385805
111;2024-04-19;39.703317993865;26.2231809600531
112;2024-04-20;38.8038364070122;27.209924651962
113;2024-04-21;34.2485628020186;25.8453393922921
114;2024-04-22;29.8965169653101;19.2738580634861
115;2024-04-23;23.2392589337798;14.5998958832473
116;2024-04-24;25.8758287540133;19.7332076645484
117;2024-04-25;33.6464357414659;27.2585541433388
118;2024-04-26;39.9032095259481;49.715136199673
119;2024-04-27;34.4403064905838;44.2199843770738
120;2024-04-28;33.519753139413;25.8499707300502
121;2024-04-29;39.7427269848008;27.1410117993313
122;2024-04-30;44.8065980632353;28.0043837885539
123;2024-05-01;40.5688476704089;25.4073951004225
124;2024-05-02;41.459880238024;29.7368004309953
125;2024-05-03;38.8050451375502;29.4701890175294
126;2024-05-04;36.4543027734205;16.0958433721466
127;2024-05-05;32.8708752721306;16.6758953105227
128;2024-05-06;24.926940482619;11.7063300200221
129;2024-05-07;20.6351527647782;11.7104194594479
130;2024-05-08;20.1412840028652;8.49264881768759
131;2024-05-09;26.316565650505;20.0064155092554
132;2024-05-10;32.8544280213294;21.3194441977894
133;2024-05-11;33.5590756815134;18.2639421539586
134;2024-05-12;28.937255579798;17.0928416121527
135;2024-05-13;27.6511909784226;19.6442366071009
136;2024-05-14;37.5953032795543;46.6800874675714
137;2024-05-15;40.9377572131971;27.8927154560483
138;2024-05-16;34.8660944441667;20.4576326961764
139;2024-05-17;35.000414065735;20.3080721156102
140;2024-05-18;27.9197141390504;16.8082912771738
141;2024-05-19;32.3683493084291;21.1573346365488
142;2024-05-20;32.3918423878012;27.7727227526297
143;2024-05-21;40.6203643193841;24.9259755137863
144;2024-05-22;33.6488509344609;20.4848427806708
145;2024-05-23;36.3600916947042;22.4378981984241
146;2024-05-24;44.2785293622159;20.5979537684023
147;2024-05-25;58.4208885823293;30.4674577039846
148;2024-05-26;42.6906815387931;28.2791295698524
149;2024-05-27;36.2431073602941;22.7105721790338
150;2024-05-28;30.0106796020115;26.7381875856145
151;2024-05-29;23.2081441350789;16.453636394897
152;2024-05-30;29.7451845831224;20.2583522438209
153;2024-05-31;31.4411583923002;27.1609616311573
154;2024-06-01;25.3623817782116;15.547586993872
155;2024-06-02;29.6510102127976;19.9243688398002
156;2024-06-03;27.6790189074612;20.1691827536026
157;2024-06-04;30.84511726809;23.6406753456392
158;2024-06-05;28.5737149611291;20.5650754152932
159;2024-06-06;32.6962223805221;50.859010970909
160;2024-06-07;35.1490149295635;33.70501813922
161;2024-06-08;37.5598732106625;32.1047204920239
162;2024-06-09;23.5841265097892;18.0694301504014
163;2024-06-10;25.9574355262897;23.1208115049932
164;2024-06-11;27.0907352857843;21.490605114076
165;2024-06-12;33.4901845761891;23.7034378356936
166;2024-06-13;23.1358932235529;16.5825527173542
167;2024-06-14;31.8738081323232;25.0795754679896
168;2024-06-15;39.6908067779521;33.9953586551404
169;2024-06-16;43.3170760662021;70.7871733695546
170;2024-06-17;37.5451267607212;42.8233747259615
171;2024-06-18;38.8312980673077;28.276854716451
172;2024-06-19;34.2844991401294;19.0101156083354
173;2024-06-20;36.9321428998447;21.5760415416355
174;2024-06-21;46.4362139408436;31.3460832102238
175;2024-06-22;56.4979594117325;42.5853066100331
176;2024-06-23;48.5975105516214;38.3776463649319
177;2024-06-24;46.4627901063819;42.5346567755574
178;2024-06-25;37.4082623330375;44.8760573159646
179;2024-06-26;37.184025064481;49.5293920242557
180;2024-06-27;37.0739485788773;55.5647355681964
181;2024-06-28;37.1823982333333;52.0172439685585
182;2024-06-29;45.2206243121622;74.72902840095
183;2024-06-30;38.082473051233;65.444044936331
184;2024-07-01;19.7281495840761;12.6008167578556
185;2024-07-02;16.8299113937764;10.9547592736205
186;2024-07-03;17.5204563745098;11.3790874059083
187;2024-07-04;16.3652765546875;8.3275647631025
188;2024-07-05;22.0208196858586;8.76944150429514
189;2024-07-06;17.5645782570122;9.44101744597072
190;2024-07-07;20.3193934599156;14.6794531800262
191;2024-07-08;40.9889463536232;30.4809154156484
192;2024-07-09;26.8569503244681;23.6425165519119
193;2024-07-10;22.814707659204;18.2384990546179
194;2024-07-11;22.2221946123188;15.3790373162403
195;2024-07-12;28.6302401985294;26.0737023530829
196;2024-07-13;24.3438161089385;21.8872937808564
197;2024-07-14;24.8268890438856;17.0143898451665
198;2024-07-15;25.6376746322823;20.65893446235
199;2024-07-16;26.5836758130454;17.7201774572344
200;2024-07-17;37.6469379236764;24.6585864847166
201;2024-07-18;34.9452710319069;28.5974276895973
202;2024-07-19;27.2943425601852;17.0793933432394
203;2024-07-20;30.4634969440217;24.5262861482322
204;2024-07-21;27.3897409959192;25.4079894018391
205;2024-07-22;21.2265779556452;21.4925161806206
206;2024-07-23;26.4188874275426;29.9206132276317
207;2024-07-24;18.5656761158281;12.7386583887994
208;2024-07-25;18.0061067816244;14.9462621689097
209;2024-07-26;19.9536731125992;15.9059881379162
210;2024-07-27;22.6865494064114;17.6564764986765
211;2024-07-28;27.6471488490566;23.9968672417627
212;2024-07-29;37.0506806081355;26.2961256244766
213;2024-07-30;31.394587487204;29.5300486655967
214;2024-07-31;27.9827592260101;36.4382683509444
215;2024-08-01;26.5148819080113;33.2898655008044
216;2024-08-02;30.7809618055556;34.3026165570467
217;2024-08-03;30.4051802526316;36.1794270358579
218;2024-08-04;21.635685531579;26.2359898781349
219;2024-08-05;17.1001948537582;11.4480113607624
220;2024-08-06;22.6551114355053;15.7447975658296
221;2024-08-07;23.0631943823141;16.555236463043
222;2024-08-08;31.6362238051029;30.7682961439386
223;2024-08-09;29.151429099359;26.8737748850336
224;2024-08-10;32.1991224366114;32.0715305507195
225;2024-08-11;25.7325394528455;24.3347192301452
226;2024-08-12;29.3082904522059;33.2331086178188
227;2024-08-13;26.4401126449223;36.6935552944566
228;2024-08-14;26.8581609644591;28.1496051209552
229;2024-08-15;19.3977677269985;19.6667613321872
230;2024-08-16;15.5370316036125;15.3710918844798
231;2024-08-17;14.9534142160948;11.2349274196348
232;2024-08-18;17.0225822886479;15.1331503606044
233;2024-08-19;18.2380322443366;17.7663958198453
234;2024-08-20;25.9678999910569;23.8689308937726
235;2024-08-21;29.0821102206121;24.7909920837439
236;2024-08-22;30.8600721192755;24.3071170317106
237;2024-08-23;34.1440103138379;29.8358127016442
238;2024-08-24;34.1903994009893;26.513997138042
239;2024-08-25;37.794975421327;29.0561920778935
240;2024-08-26;35.3654334769352;33.0572150959236
241;2024-08-27;33.6144510674694;27.7733348058284
242;2024-08-28;36.514928703706;30.1966162006336
243;2024-08-29;36.1123843277017;27.3473178496593
244;2024-08-30;35.1388163687783;24.2588377138166
245;2024-08-31;36.6109094049919;27.4365749525622
246;2024-09-01;44.3388059295682;35.3536573866245
247;2024-09-02;61.430061537479;55.7589464784116
248;2024-09-03;69.009286687125;57.6145236354049
249;2024-09-04;71.1794192847235;62.9231937660246
250;2024-09-05;69.4619551921287;75.9577515889334
251;2024-09-06;68.1294477791064;78.7037453361743
252;2024-09-07;57.8312568759231;74.9021766969494
253;2024-09-08;68.2305535260708;95.989011919963
254;2024-09-09;81.4930576248026;109.419801072977
255;2024-09-10;95.0526974756465;138.7835104372
256;2024-09-11;115.99662891097;163.624494538277
257;2024-09-12;111.300979071435;167.051695043968
258;2024-09-13;119.306206646857;154.829047837903
259;2024-09-14;121.042800535701;159.548703767042
260;2024-09-15;131.057943255762;188.50469522831
261;2024-09-16;145.435983999529;208.991143438427
262;2024-09-17;129.659892439626;194.985366014026
263;2024-09-18;69.8226238815193;140.124544236681
264;2024-09-19;29.8312835382335;23.9170441265965
265;2024-09-20;21.2737314244387;15.9960956753025
266;2024-09-21;23.6870254762522;20.1988743499746
267;2024-09-22;17.0261910224359;12.098358642502
268;2024-09-23;20.9300727772843;21.7775212619771
269;2024-09-24;28.9570191684119;29.2415117819031
270;2024-09-25;26.2280567248051;27.0839850175841
271;2024-09-26;22.2142059124981;28.1993976135818
272;2024-09-27;25.2842500516071;30.1881268764357
273;2024-09-28;27.7026574303351;23.9399629741287
274;2024-09-29;27.8807747421875;23.1251876877333
275;2024-09-30;27.1752661269633;28.2854071460842
276;2024-10-01;33.781703546441;32.3869567060592
277;2024-10-02;42.9633856876091;33.7224074506594
278;2024-10-03;42.477164459846;41.7734258067427
279;2024-10-04;41.6073492332496;46.4686807600301
280;2024-10-05;40.4712890672743;32.1042676941853
281;2024-10-06;43.0836010259067;34.0434977946823
282;2024-10-07;39.1987830460758;31.3252057740845
283;2024-10-08;39.8303792010582;31.5954525441124
284;2024-10-09;39.4973550457428;35.1240362191719
285;2024-10-10;53.805284846301;54.848556439139
286;2024-10-11;52.3363962947695;66.8603480448951
287;2024-10-12;54.2109106546392;74.2699466133202
288;2024-10-13;54.783663700423;86.9929195096079
289;2024-10-14;56.7467246114082;83.4010833190832
290;2024-10-15;65.3944502661431;83.7512187580887
291;2024-10-16;63.0947863188034;81.0408994739254
292;2024-10-17;65.6686237242982;83.1671511312486
293;2024-10-18;63.052006807398;75.6172404929792
294;2024-10-19;64.30742538267;71.0151932584458
295;2024-10-20;70.2173298150087;75.7187608301569
296;2024-10-21;55.95764041025;76.8202697825682
297;2024-10-22;43.4769250467172;26.7083806409912
298;2024-10-23;42.7839559697546;29.3366483639273
299;2024-10-24;39.5904864682741;25.3210693905961
300;2024-10-25;36.0614950359948;18.7890630682645
301;2024-10-26;37.8726196367521;24.4436870788131
302;2024-10-27;47.6070134001924;37.4513639643747
303;2024-10-28;45.9466946062391;41.007087359066
304;2024-10-29;40.4450329868173;32.9295650783771
305;2024-10-30;40.5457828207071;34.5181692094619
306;2024-10-31;39.3958843647959;28.460385925694
307;2024-11-01;35.2083333669355;22.4352072749244
308;2024-11-02;42.912243395614;31.5386017104029
309;2024-11-03;50.1873258706349;37.3474446988004
310;2024-11-04;46.5354695332064;35.1706406013579
311;2024-11-05;45.6855850130471;30.2242419164722
312;2024-11-06;51.3797250343486;29.5730113682646
313;2024-11-07;48.3833635608808;34.9706694119543
314;2024-11-08;67.0199418200989;51.923171398933
315;2024-11-09;55.9198788146552;48.440409206115
316;2024-11-10;66.315291164751;47.4712163056786
317;2024-11-11;71.8607500112745;45.8487554952077
318;2024-11-12;53.634134628663;33.940209984244
319;2024-11-13;54.777507794572;47.7615022207222
320;2024-11-14;45.3879061238219;34.7739314060239
321;2024-11-15;63.3626562356771;76.5055812780148
322;2024-11-16;44.6371837782051;34.8639165101927
323;2024-11-17;48.6221328378713;40.7942639069148
324;2024-11-18;43.2580176691919;38.8498137090485
325;2024-11-19;35.3263609861809;32.2517176002042
326;2024-11-20;32.4561732993367;26.4159972527895
327;2024-11-21;41.4672548901144;33.5221246716398
328;2024-11-22;42.8870938054857;37.8781139966187
329;2024-11-23;38.6452669765372;34.5627735056385
330;2024-11-24;49.8330756037371;41.0846292947568
331;2024-11-25;50.1385385077052;40.2294218576615
332;2024-11-26;43.458874976;32.879993492218
333;2024-11-27;39.4791468812765;29.9226668866534
334;2024-11-28;46.6408937244636;30.0844195483512
335;2024-11-29;46.8665565193966;29.2972885940513
336;2024-11-30;49.7685140873494;41.1539265197858
337;2024-12-01;51.0027298649425;47.4868289738511
338;2024-12-02;56.6197465823587;45.71372576557
339;2024-12-03;48.9975640037794;37.6427618992079
340;2024-12-04;69.8964962277462;55.7446802416203
341;2024-12-05;72.3920506861044;52.2354816936083
342;2024-12-06;76.574954447632;69.8625951998606
343;2024-12-07;68.7366339007491;58.5933421890744
344;2024-12-08;68.5219074277778;51.0666809198305
345;2024-12-09;55.442029611452;40.3445209331069
346;2024-12-10;50.5321415043605;39.1892201061787
347;2024-12-11;41.445120742204;28.58564353073
348;2024-12-12;52.0089298495935;39.0949593929381
349;2024-12-13;46.3753467779503;39.4003298339496
350;2024-12-14;53.8965592903885;44.123491015995
351;2024-12-15;59.0527076920231;38.2608136211188
352;2024-12-16;56.8185542983658;42.5228655021703
353;2024-12-17;54.4601362173877;40.019797650365
354;2024-12-18;50.6696100877025;34.2627267227476
355;2024-12-19;51.9610983574789;27.4897881258464
356;2024-12-20;53.7198186421716;34.353351973711
357;2024-12-21;46.543700517859;33.2244785621369
358;2024-12-22;47.3947887102132;35.3601293100559
359;2024-12-23;59.9155498091228;52.0957285326626
360;2024-12-24;56.7366234244775;37.5375092165914
361;2024-12-25;52.9106790714784;37.0363974443632
362;2024-12-26;63.5638512683925;46.7414602403841
363;2024-12-27;58.9169075880151;39.0329482723961
364;2024-12-28;72.5245533302893;50.2507300726316
365;2024-12-29;67.2745739287406;45.2379066806466
366;2024-12-30;59.9434868443992;44.0103975265344
